NAME: Custom TSP
TYPE: TSP
DIMENSION: 165
EDGE_WEIGHT_TYPE: EXPLICIT
EDGE_WEIGHT_FORMAT: FULL_MATRIX
EDGE_WEIGHT_SECTION
0 823 649 950 675 314 1870 629 1574 941 1116 806 342 479 490 1184 1652 1666 1527 1470 1688 1514 1024 1700 1221 1310 1116 1805 1033 1126 927 1588 1456 963 1041 1220 913 1342 926 970 869 1515 405 425 1356 1580 786 1504 778 1389 1495 1689 1271 1638 1590 1659 2120 1978 2149 1355 1960 2002 1856 1993 1821 1841 1513 1667 1576 1406 728 784 352 1870 1014 1268 574 865 496 704 349 1378 1442 1255 1511 1746 1655 1236 1918 1374 2002 1119 859 1127 1000 1012 814 902 910 778 821 763 832 779 1111 1240 493 1135 406 982 832 993 387 869 749 852 492 903 868 1729 1795 496 882 2082 508 895 941 971 550 938 625 1885 909 577 680 970 1066 713 733 817 1111 912 835 1134 991 945 1195 866 899 938 1232 1265 1006 1030 1345 1369 1159 1183 1465 1283 1514 1340 1617 1457 1578 
823 0 976 647 154 1134 1061 1450 2294 1762 1938 1627 491 1298 343 368 844 2419 725 2169 885 2329 228 894 1854 1971 1706 1166 1572 900 1311 990 928 1431 940 883 1198 893 1104 1010 166 718 486 469 2168 2326 909 721 908 601 970 889 834 2423 798 1095 1473 1298 1541 843 1293 1350 1172 1391 1233 1197 912 1040 918 830 289 974 622 1228 1811 524 434 1657 506 1485 700 2109 2219 2036 836 959 877 1942 1276 770 1341 1796 1376 496 1636 757 1047 1491 802 1216 1342 1091 882 988 728 730 1211 1887 1045 503 1248 1725 860 556 626 1555 639 899 974 960 1023 710 1058 1425 824 1097 1431 987 1107 1054 1266 1134 1294 969 773 1143 1072 884 979 835 1130 796 914 1218 1461 1334 1173 1018 1310 1428 1270 1218 1011 1093 1294 1347 1106 1179 1373 1210 1450 1289 1533 1386 1427 
649 976 0 328 826 649 2018 475 1445 787 963 652 489 325 639 1334 1801 1528 1674 1345 1835 1360 1172 1847 1118 1198 1028 1931 962 1214 905 1711 1572 917 1114 1319 918 1451 954 1023 1014 1661 538 559 1202 1441 837 1649 829 1534 1610 1835 1380 1490 1735 1775 2244 2107 2267 1471 2088 2127 1986 2111 1938 1966 1636 1791 1705 1528 864 820 459 1995 862 1409 698 715 613 557 431 1243 1294 1106 1642 1889 1797 1107 2041 1497 2127 1001 798 1258 896 1106 834 816 988 746 761 765 889 808 1216 1356 386 993 354 1103 802 858 410 978 843 729 582 963 910 1868 1936 569 906 2205 550 912 881 1020 505 969 539 2020 878 581 743 986 1109 755 753 878 1148 988 882 1156 929 907 1234 894 859 873 1257 1306 1052 1063 1382 1399 1206 1220 1505 1328 1547 1378 1650 1495 1624 
950 647 328 0 497 487 1694 803 1718 1115 1291 980 950 652 312 1007 1477 1820 1351 1606 1512 1686 846 1524 1334 1433 1214 1651 1113 1022 957 1437 1313 1020 956 1100 914 1208 899 912 692 1339 241 259 1525 1730 732 1329 725 1212 1352 1512 1136 1799 1414 1513 1966 1818 2001 1211 1802 1846 1694 1845 1673 1685 1359 1511 1415 1254 556 746 235 1715 1176 1094 415 1024 349 857 271 1520 1599 1412 1347 1569 1479 1368 1762 1215 1844 1241 922 959 1106 891 788 990 809 811 883 760 759 743 974 1090 612 1281 483 824 860 1130 380 725 625 976 382 822 811 1553 1620 409 843 1924 461 863 996 898 602 886 716 1710 929 567 591 934 995 649 693 725 1044 800 759 1082 1036 963 1122 811 920 986 1173 1189 925 964 1271 1301 1074 1110 1385 1199 1441 1263 1542 1379 1488 
675 154 826 497 0 983 1207 1299 2157 1612 1787 1476 339 1147 189 512 988 2277 865 2034 1026 2179 355 1036 1725 1839 1581 1264 1451 887 1206 1074 991 1317 901 895 1103 934 1022 947 224 854 335 319 2017 2184 823 852 820 731 1032 1026 867 2275 932 1170 1575 1406 1634 895 1397 1451 1279 1480 1317 1295 991 1130 1013 899 223 879 472 1324 1659 633 311 1505 370 1332 551 1965 2070 1885 932 1089 1003 1800 1371 841 1442 1656 1249 557 1499 730 946 1357 745 1094 1214 978 800 887 732 770 1058 1739 893 508 1129 1577 712 515 545 1409 502 827 887 1082 1147 573 963 1523 686 998 1304 913 960 966 1116 1250 1176 830 657 1049 1001 765 856 736 1059 720 811 1137 1330 1210 1109 910 1180 1292 1198 1159 926 1002 1238 1286 1036 1103 1325 1147 1399 1225 1487 1328 1389 
314 1134 649 487 983 0 2173 316 1315 629 804 493 646 649 795 1490 1955 1386 1827 1222 1989 1201 1327 2001 1023 1091 953 2064 910 1316 908 1843 1698 892 1204 1430 947 1571 1006 1096 1168 1814 687 707 1042 1300 914 1800 906 1686 1734 1987 1501 1337 1886 1901 2376 2243 2392 1597 2223 2260 2123 2237 2065 2099 1768 1924 1842 1659 1011 883 593 2127 706 1557 838 562 750 413 553 1108 1143 954 1781 2039 1946 982 2172 1631 2260 890 763 1400 806 1216 883 751 1087 747 729 798 971 866 1335 1483 326 852 374 1237 801 727 490 1103 959 617 702 1046 978 2016 2084 677 958 2336 635 956 844 1093 512 1026 492 2165 875 631 838 1028 1175 830 810 967 1208 1087 958 1202 892 899 1295 953 850 836 1305 1367 1125 1123 1439 1450 1277 1281 1563 1395 1599 1439 1701 1554 1689 
1870 1061 2018 1694 1207 2173 0 2485 3195 2795 2968 2661 1536 2334 1389 699 221 3349 350 3058 193 3344 861 187 2707 2838 2540 693 2386 1316 2066 760 897 2218 1458 1180 1915 1025 1776 1615 1023 380 1504 1484 3181 3255 1634 402 1637 511 907 237 1040 3393 335 849 813 634 950 924 665 733 576 876 839 693 756 704 629 813 1194 1714 1625 707 2817 664 1378 2663 1469 2489 1695 3032 3187 3016 617 297 364 2853 732 785 711 2693 2212 869 2517 1267 1789 2357 1418 2038 2189 1880 1574 1741 1123 950 2233 2846 2060 1062 2048 2677 1840 1223 1385 2499 1593 1540 1660 396 377 1655 1761 779 1764 1805 2246 1602 2088 1718 2257 507 2072 1894 1633 1817 1643 1735 1834 1618 1691 1504 1699 1803 2288 2136 1683 1806 2146 2290 1800 1693 1703 1794 1735 1799 1710 1794 1747 1753 1830 1822 1870 1866 1749 
629 1450 475 803 1299 316 2485 0 1091 313 488 177 961 649 1111 1805 2268 1128 2140 1021 2301 888 1641 2313 909 939 891 2348 902 1560 1010 2124 1973 944 1433 1686 1091 1838 1182 1303 1481 2126 997 1018 732 1049 1134 2110 1126 1997 2007 2299 1769 1048 2197 2175 2656 2532 2664 1873 2509 2543 2414 2510 2339 2383 2053 2208 2134 1943 1319 1086 894 2410 423 1865 1141 307 1051 649 844 882 865 679 2076 2349 2255 794 2454 1920 2545 750 816 1700 730 1476 1067 741 1334 865 790 964 1199 1066 1606 1765 433 622 578 1529 913 546 748 1386 1232 515 987 1273 1186 2323 2390 950 1144 2619 885 1132 888 1305 674 1218 568 2467 980 840 1090 1198 1376 1059 1015 1207 1399 1339 1183 1371 935 994 1486 1154 948 883 1475 1556 1338 1318 1622 1622 1484 1473 1746 1593 1769 1625 1869 1734 1879 
1574 2294 1445 1718 2157 1315 3195 1091 0 922 854 987 1852 1190 1985 2600 2998 210 2869 151 3018 732 2448 3038 511 378 681 2842 840 1969 1170 2628 2454 1012 1813 2121 1326 2300 1472 1643 2295 2859 1862 1878 721 199 1579 2822 1575 2738 2477 3022 2254 466 2920 2635 3108 3044 3065 2382 3010 3020 2952 2934 2783 2880 2585 2725 2701 2485 2124 1509 1763 2902 805 2596 1948 893 1867 1004 1712 337 484 597 2684 3064 2971 467 2944 2507 3041 596 1040 2403 752 1997 1463 904 1839 1213 1066 1369 1678 1509 2150 2334 1405 627 1540 2214 1216 739 1605 2051 1891 873 1833 1734 1615 3032 3099 1790 1543 3111 1714 1516 1098 1739 1573 1624 1450 3165 1287 1638 1888 1567 1786 1834 1771 1972 1794 2094 1931 1732 1311 1444 1881 1879 1501 1389 1832 1959 2051 2008 1997 1979 2167 2135 2119 2250 2121 2261 2214 2349 2343 
941 1762 787 1115 1612 629 2795 313 922 0 649 649 1274 464 1424 2117 2578 909 2449 890 2610 581 1953 2623 895 880 936 2636 998 1823 1187 2411 2255 1087 1686 1957 1295 2116 1406 1543 1792 2436 1308 1328 433 845 1388 2418 1380 2306 2287 2608 2049 785 2506 2456 2940 2823 2941 2157 2798 2829 2708 2789 2619 2671 2342 2497 2428 2232 1628 1331 1201 2698 248 2173 1447 273 1356 387 1146 728 629 465 2374 2656 2562 706 2741 2213 2833 730 972 2003 785 1752 1301 857 1603 1066 957 1191 1458 1310 1889 2053 685 502 853 1827 1106 520 1037 1679 1520 592 1285 1530 1432 2629 2697 1243 1377 2905 1167 1358 1031 1552 920 1453 778 2771 1164 1101 1369 1418 1613 1324 1267 1477 1628 1613 1442 1586 1076 1172 1715 1398 1132 1032 1688 1782 1587 1555 1841 1833 1726 1703 1963 1826 1976 1849 2072 1952 2101 
1116 1938 963 1291 1787 804 2968 488 854 649 0 311 1449 640 1599 2292 2752 805 2623 849 2783 410 2128 2796 925 884 996 2796 1080 1972 1302 2572 2413 1188 1832 2109 1421 2271 1539 1684 1967 2609 1482 1502 649 754 1536 2590 1528 2480 2444 2781 2206 649 2679 2613 3098 2985 3095 2316 2960 2989 2871 2945 2776 2832 2504 2658 2592 2394 1801 1476 1374 2858 281 2345 1620 383 1528 533 1318 682 526 399 2540 2829 2734 705 2901 2378 2994 768 1084 2172 857 1909 1441 954 1756 1194 1074 1329 1607 1454 2048 2215 846 504 1019 1995 1230 578 1204 1844 1684 690 1455 1679 1576 2800 2868 1410 1516 3065 1331 1494 1136 1695 1075 1592 924 2941 1284 1258 1531 1551 1753 1481 1419 1635 1765 1772 1596 1716 1181 1291 1850 1546 1256 1144 1816 1917 1736 1698 1971 1960 1870 1843 2092 1966 2101 1985 2195 2085 2233 
806 1627 652 980 1476 493 2661 177 987 649 311 0 1138 329 1288 1982 2444 998 2315 937 2476 713 1818 2489 888 893 904 2511 945 1707 1103 2286 2132 1016 1574 1838 1201 1994 1305 1436 1657 2301 1173 1193 560 926 1275 2284 1267 2172 2165 2474 1926 895 2372 2334 2816 2696 2820 2033 2672 2704 2580 2668 2497 2545 2216 2371 2300 2106 1494 1221 1067 2572 649 2039 1314 241 1223 293 1014 783 724 545 2244 2523 2429 728 2616 2085 2707 721 894 1871 745 1631 1195 793 1484 971 874 1087 1342 1200 1765 1927 567 534 729 1697 1015 507 908 1551 1394 536 1154 1416 1321 2496 2563 1114 1271 2780 1041 1255 958 1441 806 1347 675 2639 1076 982 1245 1317 1506 1205 1152 1356 1524 1491 1325 1488 1003 1085 1611 1287 1043 956 1590 1680 1474 1447 1741 1736 1616 1598 1864 1720 1881 1747 1979 1852 2000 
342 491 489 950 339 646 1536 961 1852 1274 1449 1138 0 809 950 847 1317 1961 1191 1735 1353 1842 684 1364 1447 1552 1316 1514 1203 944 1009 1305 1190 1092 901 1004 942 1096 901 884 528 1178 115 126 1680 1868 714 1169 708 1051 1229 1351 1022 1946 1252 1385 1829 1675 1870 1086 1660 1707 1549 1713 1543 1546 1223 1373 1271 1119 398 742 203 1575 1324 933 281 1170 239 999 276 1653 1742 1555 1197 1407 1317 1494 1621 1073 1701 1358 998 805 1213 793 792 1084 736 865 960 786 718 739 858 957 735 1416 583 682 910 1259 429 601 529 1097 321 771 784 1391 1457 374 831 1779 460 857 1061 850 676 859 814 1548 966 592 534 920 944 615 680 657 996 708 707 1048 1089 995 1065 778 955 1043 1129 1128 862 915 1209 1246 1003 1049 1317 1126 1378 1195 1476 1310 1406 
479 1298 325 652 1147 649 2334 649 1190 464 640 329 809 0 959 1653 2117 1246 1989 1107 2150 1037 1489 2162 948 998 902 2208 886 1436 944 1985 1837 900 1315 1557 1007 1705 1085 1193 1329 1975 846 866 878 1162 1017 1959 1009 1846 1871 2147 1635 1182 2046 2039 2517 2390 2529 1735 2368 2403 2271 2375 2203 2243 1912 2067 1990 1802 1168 975 744 2270 548 1715 991 411 901 286 696 978 990 801 1930 2197 2104 868 2314 1776 2404 796 766 1552 742 1343 963 720 1205 786 735 866 1077 955 1469 1624 341 716 456 1383 838 610 609 1243 1092 532 841 1152 1072 2172 2240 808 1038 2478 750 1030 841 1189 570 1110 496 2318 907 719 956 1099 1264 933 898 1078 1291 1206 1059 1272 886 923 1379 1039 874 831 1376 1449 1220 1207 1518 1522 1369 1364 1642 1482 1670 1519 1771 1631 1772 
490 343 639 312 189 795 1389 1111 1985 1424 1599 1288 950 959 0 697 1170 2100 1045 1864 1207 1991 535 1217 1566 1676 1428 1397 1306 901 1085 1194 1091 1183 882 939 1000 1011 939 894 383 1032 163 950 1828 2006 742 1025 737 905 1131 1205 938 2091 1107 1280 1710 1550 1759 988 1538 1587 1424 1603 1434 1428 1110 1257 1149 1010 279 784 299 1457 1471 793 232 1316 244 1144 379 1788 1885 1699 1071 1263 1173 1625 1503 958 1579 1485 1100 681 1333 742 842 1198 714 954 1063 855 730 785 781 858 874 1555 713 581 994 1396 540 531 501 1230 366 772 808 1249 1315 433 869 1659 538 900 1158 855 791 885 940 1410 1045 679 557 957 947 655 735 662 1002 683 726 1067 1182 1074 1063 812 1039 1140 1139 1120 865 929 1201 1243 993 1050 1300 1113 1367 1186 1461 1297 1378 
1184 368 1334 1007 512 1490 699 1805 2600 2117 2292 1982 847 1653 697 0 479 2736 363 2469 520 2678 171 527 2136 2260 1979 910 1834 950 1541 781 782 1679 1042 874 1408 810 1289 1159 339 356 820 800 2514 2641 1108 370 1108 252 817 523 770 2753 437 894 1191 1002 1282 721 1005 1069 878 1141 1004 931 706 799 664 659 528 1181 946 959 2151 254 714 1996 803 1822 1019 2418 2546 2366 575 599 525 2244 1002 586 1051 2090 1638 389 1922 822 1254 1768 928 1467 1608 1322 1054 1197 726 634 1548 2207 1376 533 1489 2040 1172 670 806 1865 928 1045 1148 614 672 995 1242 1132 1109 1284 1679 1121 1417 1217 1584 798 1520 1247 1005 1313 1186 1115 1216 1024 1241 938 1108 1343 1704 1562 1259 1218 1550 1684 1370 1288 1158 1248 1352 1412 1212 1295 1403 1291 1486 1369 1553 1446 1429 
1652 844 1801 1477 988 1955 221 2268 2998 2578 2752 2444 1317 2117 1170 479 0 3148 133 2862 56 3130 641 62 2514 2644 2349 683 2196 1159 1881 682 787 2031 1292 1034 1734 895 1598 1442 802 169 1284 1264 2967 3053 1445 205 1448 296 804 117 895 3184 158 786 878 683 1002 789 704 775 589 897 819 689 650 644 536 682 974 1524 1406 710 2602 455 1159 2447 1251 2273 1475 2828 2978 2804 491 240 247 2650 743 635 751 2491 2015 666 2316 1087 1598 2157 1232 1841 1990 1685 1384 1547 948 785 2013 2636 1840 859 1853 2467 1622 1020 1180 2289 1374 1354 1472 326 346 1437 1572 827 1547 1616 2049 1419 1869 1532 2038 500 1878 1678 1419 1631 1465 1523 1623 1410 1515 1300 1492 1625 2086 1935 1512 1600 1940 2083 1629 1526 1505 1596 1574 1638 1522 1607 1595 1574 1679 1646 1727 1698 1603 
1666 2419 1528 1820 2277 1386 3349 1128 210 909 805 998 1961 1246 2100 2736 3148 0 3018 343 3170 590 2580 3188 698 566 865 3020 1022 2146 1349 2803 2630 1192 1990 2298 1505 2476 1650 1821 2424 3007 1975 1991 620 136 1744 2973 1739 2884 2654 3172 2427 293 3069 2814 3290 3221 3252 2553 3188 3199 3125 3118 2964 3057 2755 2898 2868 2654 2251 1672 1870 3079 799 2740 2070 917 1986 1054 1815 391 401 563 2846 3214 3120 565 3121 2669 3218 719 1192 2548 889 2158 1623 1046 1998 1364 1213 1523 1836 1666 2312 2495 1456 657 1606 2357 1371 801 1700 2194 2031 959 1939 1894 1775 3181 3249 1893 1699 3286 1812 1671 1239 1896 1636 1779 1497 3314 1430 1729 1991 1719 1940 1933 1864 2076 1944 2203 2031 1879 1408 1549 2029 1973 1590 1467 1976 2103 2150 2104 2141 2119 2267 2231 2260 2348 2258 2357 2348 2443 2469 
1527 725 1674 1351 865 1827 350 2140 2869 2449 2623 2315 1191 1989 1045 363 133 3018 0 2733 162 3000 517 175 2387 2516 2222 670 2070 1048 1757 626 708 1905 1176 929 1610 801 1476 1322 675 65 1155 1135 2836 2922 1319 98 1321 170 728 179 792 3053 122 735 902 705 1015 693 718 789 594 894 793 679 578 601 477 591 844 1397 1276 704 2470 326 1028 2316 1119 2142 1345 2697 2846 2672 414 283 240 2519 740 535 764 2359 1885 537 2185 964 1470 2026 1106 1711 1859 1555 1256 1418 828 672 1884 2504 1711 729 1724 2335 1491 888 1048 2156 1244 1228 1344 337 380 1307 1444 844 1416 1488 1919 1294 1741 1405 1908 530 1748 1548 1291 1504 1342 1395 1495 1285 1393 1178 1367 1503 1955 1806 1394 1475 1811 1952 1511 1411 1385 1477 1462 1526 1408 1493 1490 1466 1574 1539 1627 1596 1506 
1470 2169 1345 1606 2034 1222 3058 1021 151 890 849 937 1735 1107 1864 2469 2862 343 2733 0 2881 793 2317 2900 364 230 535 2698 694 1825 1025 2484 2311 867 1668 1977 1181 2156 1328 1499 2165 2722 1740 1755 748 278 1436 2684 1432 2602 2332 2884 2110 550 2782 2490 2963 2899 2920 2237 2865 2875 2808 2789 2638 2735 2440 2580 2557 2341 1994 1365 1642 2757 757 2458 1818 824 1739 917 1590 279 504 574 2541 2924 2830 356 2798 2363 2895 464 894 2264 612 1851 1317 761 1693 1068 922 1224 1533 1364 2005 2189 1311 556 1436 2074 1069 642 1485 1911 1751 758 1707 1587 1468 2891 2957 1664 1395 2963 1590 1368 953 1590 1467 1475 1352 3022 1141 1516 1759 1419 1638 1706 1645 1841 1645 1960 1801 1585 1182 1311 1733 1750 1375 1270 1685 1811 1919 1878 1850 1832 2035 2004 1972 2117 1975 2129 2070 2217 2201 
1688 885 1835 1512 1026 1989 193 2301 3018 2610 2783 2476 1353 2150 1207 520 56 3170 162 2881 0 3159 677 30 2532 2662 2366 649 2212 1162 1895 660 774 2045 1298 1032 1746 888 1608 1450 835 187 1316 1296 2995 3074 1459 211 1462 319 787 86 891 3208 151 759 832 637 958 779 659 730 545 856 784 650 630 613 510 670 1003 1537 1436 669 2629 471 1187 2475 1278 2301 1504 2848 3001 2828 469 202 220 2670 698 624 702 2509 2030 678 2334 1091 1609 2174 1240 1856 2006 1698 1394 1559 949 781 2043 2659 1870 872 1867 2489 1648 1033 1195 2310 1401 1362 1480 292 307 1463 1580 775 1571 1624 2062 1423 1896 1538 2065 460 1888 1701 1440 1636 1465 1542 1641 1426 1514 1314 1507 1625 2098 1946 1508 1615 1954 2098 1625 1520 1515 1606 1566 1630 1528 1613 1583 1576 1667 1647 1712 1696 1590 
1514 2329 1360 1686 2179 1201 3344 888 732 581 410 713 1842 1037 1991 2678 3130 590 3000 793 3159 0 2513 3173 1018 927 1142 3129 1265 2280 1545 2905 2741 1407 2132 2424 1683 2593 1815 1973 2351 2985 1868 1888 649 580 1844 2963 1837 2856 2769 3156 2531 649 3053 2936 3422 3321 3408 2647 3294 3318 3212 3262 3096 3164 2841 2993 2937 2732 2180 1776 1755 3189 554 2716 1995 705 1903 878 1695 640 378 428 2890 3200 3105 761 3230 2721 3325 892 1324 2535 1038 2233 1730 1175 2075 1466 1325 1617 1917 1753 2379 2553 1220 624 1397 2351 1491 775 1572 2194 2029 940 1827 1985 1872 3168 3236 1778 1801 3393 1691 1773 1360 1989 1432 1877 1269 3304 1533 1603 1884 1822 2035 1823 1751 1977 2039 2116 1930 1977 1411 1547 2121 1869 1528 1396 2072 2185 2057 2009 2231 2211 2181 2144 2347 2267 2346 2276 2434 2367 2499 
1024 228 1172 846 355 1327 861 1641 2448 1953 2128 1818 684 1489 535 171 641 2580 517 2317 677 2513 0 685 1989 2111 1834 994 1692 880 1409 835 802 1541 952 827 1281 797 1170 1052 168 502 651 631 2349 2483 980 504 979 379 837 672 742 2591 578 940 1288 1106 1367 718 1103 1164 978 1218 1067 1014 748 864 733 679 359 1047 776 1043 1984 303 545 1829 633 1655 848 2258 2382 2200 638 735 651 2085 1085 600 1144 1932 1487 332 1765 724 1116 1613 810 1318 1455 1177 923 1057 651 600 1379 2042 1206 422 1342 1875 1001 538 659 1700 757 921 1016 733 796 825 1106 1221 939 1146 1526 997 1247 1084 1413 906 1371 1079 842 1177 1064 953 1053 870 1119 796 954 1217 1544 1404 1144 1063 1388 1520 1250 1177 1017 1106 1246 1304 1084 1164 1307 1173 1387 1252 1461 1337 1341 
1700 894 1847 1524 1036 2001 187 2313 3038 2623 2796 2489 1364 2162 1217 527 62 3188 175 2900 30 3173 685 0 2552 2682 2386 674 2233 1186 1916 687 801 2066 1321 1057 1767 914 1631 1473 844 195 1327 1306 3009 3092 1479 224 1482 327 813 73 915 3224 153 784 851 656 978 804 679 750 566 878 807 672 655 637 534 694 1013 1557 1446 690 2643 481 1197 2488 1289 2314 1514 2866 3017 2843 489 189 214 2687 717 644 719 2526 2048 690 2351 1111 1628 2191 1258 1874 2024 1716 1413 1577 969 800 2052 2674 1879 885 1885 2504 1658 1047 1209 2325 1409 1380 1499 281 294 1471 1598 788 1580 1641 2079 1440 1904 1555 2073 447 1904 1709 1446 1653 1481 1548 1648 1432 1529 1318 1513 1639 2110 1958 1522 1621 1964 2108 1639 1532 1519 1610 1578 1641 1530 1615 1594 1577 1677 1648 1720 1696 1595 
1221 1854 1118 1334 1725 1023 2707 909 511 895 925 888 1447 948 1566 2136 2514 698 2387 364 2532 1018 1989 2552 0 135 171 2335 330 1462 661 2121 1948 503 1305 1614 818 1793 964 1136 1842 2376 1444 1457 920 613 1080 2336 1076 2258 1968 2535 1747 851 2434 2126 2598 2536 2557 1875 2502 2510 2445 2425 2273 2371 2078 2217 2196 1980 1673 1009 1354 2393 767 2115 1505 763 1432 785 1309 458 723 692 2183 2574 2481 353 2434 2005 2531 304 562 1920 348 1495 965 455 1339 730 595 879 1181 1015 1648 1832 1132 569 1223 1732 728 549 1219 1570 1415 577 1417 1233 1116 2542 2607 1379 1048 2600 1316 1025 648 1242 1255 1131 1175 2672 822 1256 1472 1082 1297 1429 1378 1553 1311 1662 1521 1261 951 1052 1403 1481 1136 1060 1368 1489 1640 1608 1532 1522 1756 1734 1660 1842 1673 1862 1773 1953 1903 
1310 1971 1198 1433 1839 1091 2838 939 378 880 884 893 1552 998 1676 2260 2644 566 2516 230 2662 927 2111 2682 135 0 306 2470 465 1597 796 2256 2083 638 1440 1749 953 1928 1099 1271 1962 2505 1552 1566 844 483 1212 2465 1208 2386 2103 2665 1882 733 2563 2261 2733 2671 2691 2009 2637 2645 2579 2560 2408 2506 2213 2352 2330 2114 1791 1140 1458 2528 744 2242 1620 768 1544 819 1410 358 625 626 2316 2704 2611 303 2568 2138 2666 323 680 2047 426 1626 1094 558 1469 851 710 1004 1310 1143 1780 1964 1190 535 1295 1858 850 556 1312 1695 1538 625 1521 1363 1244 2671 2737 1481 1174 2734 1413 1148 751 1368 1326 1255 1231 2801 933 1346 1574 1202 1419 1526 1471 1655 1430 1768 1619 1375 1023 1137 1520 1574 1214 1125 1479 1602 1737 1702 1644 1630 1853 1827 1769 1937 1777 1954 1875 2043 2007 
1116 1706 1028 1214 1581 953 2540 891 681 936 996 904 1316 902 1428 1979 2349 865 2222 535 2366 1142 1834 2386 171 306 0 2164 159 1290 490 1950 1777 332 1134 1443 647 1622 793 964 1690 2212 1309 1320 1028 777 912 2170 909 2095 1797 2370 1576 1003 2269 1955 2428 2365 2387 1704 2330 2340 2274 2255 2103 2200 1908 2046 2026 1809 1524 842 1225 2222 819 1952 1360 782 1291 765 1184 600 855 793 2014 2408 2316 460 2263 1837 2360 351 421 1758 301 1327 802 348 1172 579 457 721 1016 853 1480 1663 1071 643 1139 1571 575 577 1105 1411 1259 550 1286 1068 952 2376 2442 1252 889 2430 1196 869 531 1082 1174 974 1115 2507 687 1147 1344 931 1142 1308 1264 1424 1161 1527 1397 1118 871 952 1256 1366 1045 989 1229 1346 1517 1492 1393 1386 1634 1617 1523 1722 1542 1746 1645 1839 1773 
1805 1166 1931 1651 1264 2064 693 2348 2842 2636 2796 2511 1514 2208 1397 910 683 3020 670 2698 649 3129 994 674 2335 2470 2164 0 2005 874 1674 225 391 1833 1031 722 1518 545 1372 1200 1089 683 1464 1445 2972 2927 1293 625 1300 724 373 672 605 3109 660 230 321 217 379 493 187 211 175 242 162 104 321 181 289 427 1182 1372 1561 127 2617 751 1316 2473 1395 2309 1618 2711 2914 2767 424 685 671 2532 218 515 276 2367 1875 816 2190 932 1443 2030 1089 1712 1863 1553 1246 1413 798 648 2145 2583 1993 933 1706 2418 1739 1047 1190 2243 1531 1193 1311 696 713 1581 1412 413 1672 1456 1908 1249 2013 1366 2162 780 1736 1781 1557 1463 1285 1641 1725 1541 1335 1442 1609 1447 2022 1881 1329 1701 1941 2077 1446 1354 1615 1692 1386 1451 1625 1697 1406 1668 1491 1729 1539 1774 1511 
1033 1572 962 1113 1451 910 2386 902 840 998 1080 945 1203 886 1306 1834 2196 1022 2070 694 2212 1265 1692 2233 330 465 159 2005 0 1132 331 1791 1618 173 975 1284 488 1463 634 805 1551 2059 1190 1200 1140 931 756 2017 754 1944 1638 2216 1417 1148 2115 1796 2270 2206 2230 1545 2172 2181 2115 2097 1944 2041 1749 1887 1867 1651 1388 688 1114 2063 893 1802 1230 829 1166 778 1078 742 988 905 1857 2254 2162 586 2104 1680 2202 450 315 1608 336 1172 653 302 1019 450 354 579 864 706 1324 1507 1034 740 1078 1422 444 641 1011 1264 1116 569 1173 915 802 2222 2288 1143 744 2272 1095 728 451 935 1114 831 1077 2353 578 1058 1232 797 1002 1204 1169 1311 1026 1407 1290 992 820 877 1124 1267 978 943 1106 1218 1410 1391 1268 1267 1527 1516 1402 1617 1426 1645 1533 1739 1657 
1126 900 1214 1022 887 1316 1316 1560 1969 1823 1972 1707 944 1436 901 950 1159 2146 1048 1825 1162 2280 880 1186 1462 1597 1290 874 1132 0 801 660 486 959 157 153 644 332 498 327 829 1044 892 880 2127 2053 441 987 450 959 509 1172 298 2240 1084 671 1151 1076 1130 428 1043 1055 986 986 825 913 628 760 753 541 775 520 941 936 1785 843 781 1650 814 1499 976 1841 2051 1913 773 1208 1127 1663 984 612 1081 1500 1014 696 1325 296 602 1169 346 861 1007 712 447 585 349 473 1422 1729 1307 597 854 1570 1058 548 573 1402 943 411 501 1185 1244 973 606 1165 1033 654 1069 511 1337 596 1450 1317 920 1116 999 698 609 1058 1115 1029 682 1002 1074 783 1260 1148 741 1140 1233 1342 846 825 1143 1194 887 943 1214 1263 986 1295 1069 1354 1167 1436 1214 
927 1311 905 957 1206 908 2066 1010 1170 1187 1302 1103 1009 944 1085 1541 1881 1349 1757 1025 1895 1545 1409 1916 661 796 490 1674 331 801 0 1460 1287 158 644 953 157 1132 303 474 1279 1747 984 989 1406 1258 443 1702 442 1636 1308 1900 1087 1461 1801 1466 1941 1875 1905 1216 1841 1851 1784 1769 1615 1711 1419 1556 1538 1322 1127 385 932 1732 1108 1496 991 1008 942 904 912 1056 1286 1176 1532 1938 1847 886 1775 1356 1872 731 323 1305 571 854 375 444 709 305 344 344 566 431 1005 1185 1039 997 1026 1126 293 862 885 975 843 732 982 612 511 1907 1971 965 482 1945 944 482 459 653 1063 570 1080 2039 464 942 1047 569 742 1040 1029 1121 782 1193 1116 779 819 812 886 1116 922 941 897 989 1232 1231 1048 1061 1345 1349 1184 1438 1225 1475 1337 1571 1449 
1588 990 1711 1437 1074 1843 760 2124 2628 2411 2572 2286 1305 1985 1194 781 682 2803 626 2484 660 2905 835 687 2121 2256 1950 225 1791 660 1460 0 174 1619 816 508 1304 329 1157 986 908 633 1253 1234 2747 2709 1071 567 1078 632 168 679 384 2887 632 130 535 424 567 272 395 423 333 412 250 272 134 133 192 218 983 1150 1346 301 2391 617 1106 2248 1182 2084 1402 2492 2691 2543 320 704 660 2312 370 340 455 2148 1655 640 1970 713 1223 1810 868 1491 1643 1332 1025 1192 582 443 1925 2359 1776 733 1487 2194 1521 836 973 2020 1320 974 1092 702 739 1369 1195 570 1458 1240 1691 1037 1797 1153 1944 817 1520 1566 1352 1253 1082 1436 1519 1344 1137 1253 1411 1251 1810 1671 1141 1502 1730 1864 1260 1174 1430 1504 1215 1281 1452 1523 1250 1505 1338 1568 1398 1623 1374 
1456 928 1572 1313 991 1698 897 1973 2454 2255 2413 2132 1190 1837 1091 782 787 2630 708 2311 774 2741 802 801 1948 2083 1777 391 1618 486 1287 174 0 1445 643 334 1130 155 984 812 845 711 1137 1119 2584 2537 902 645 909 678 62 790 219 2717 726 212 687 593 695 138 562 581 503 541 372 434 183 284 306 171 892 981 1222 460 2231 625 993 2089 1062 1928 1274 2321 2523 2377 389 819 760 2141 519 319 612 1977 1485 593 1800 561 1056 1641 710 1324 1474 1166 862 1027 447 349 1786 2193 1643 641 1318 2029 1387 717 839 1856 1201 813 928 809 855 1247 1032 714 1331 1078 1525 882 1667 995 1807 933 1358 1435 1239 1096 936 1318 1397 1238 995 1160 1302 1109 1658 1524 1009 1388 1589 1719 1128 1054 1332 1402 1100 1165 1366 1432 1150 1425 1239 1489 1309 1551 1302 
963 1431 917 1020 1317 892 2218 944 1012 1087 1188 1016 1092 900 1183 1679 2031 1192 1905 867 2045 1407 1541 2066 503 638 332 1833 173 959 158 1619 1445 0 802 1111 315 1290 461 633 1405 1895 1073 1081 1274 1101 589 1851 587 1781 1466 2049 1244 1309 1950 1624 2098 2033 2061 1373 1999 2009 1942 1926 1773 1869 1576 1714 1695 1479 1246 524 1008 1890 995 1639 1097 909 1039 827 979 903 1139 1040 1686 2088 1996 737 1932 1509 2029 587 267 1447 440 1004 497 341 853 339 302 438 703 552 1155 1337 1020 865 1035 1264 329 743 929 1109 967 634 1062 752 642 2056 2121 1038 596 2101 1002 586 419 780 1071 684 1062 2187 489 981 1124 663 857 1105 1081 1200 888 1285 1187 868 797 822 990 1174 929 922 985 1088 1306 1295 1143 1148 1421 1417 1278 1513 1311 1545 1420 1640 1539 
1041 940 1114 956 901 1204 1458 1433 1813 1686 1832 1574 901 1315 882 1042 1292 1990 1176 1668 1298 2132 952 1321 1305 1440 1134 1031 975 157 644 816 643 802 0 309 487 488 341 170 876 1170 851 842 1980 1897 305 1116 314 1076 664 1306 448 2086 1214 825 1304 1232 1279 578 1198 1210 1141 1137 978 1068 780 914 903 689 790 378 880 1091 1642 950 759 1511 774 1364 906 1685 1898 1763 914 1342 1258 1508 1137 746 1234 1345 862 785 1171 330 463 1016 300 714 857 571 345 455 437 591 1315 1579 1213 654 706 1422 972 567 544 1257 892 322 384 1317 1377 914 485 1314 961 532 924 432 1244 493 1345 1449 784 1032 952 589 546 1000 1046 992 620 986 1029 708 1139 1038 696 1084 1129 1228 788 792 1110 1152 857 907 1193 1233 971 1279 1048 1335 1153 1421 1216 
1220 883 1319 1100 895 1430 1180 1686 2121 1957 2109 1838 1004 1557 939 874 1034 2298 929 1977 1032 2424 827 1057 1614 1749 1443 722 1284 153 953 508 334 1111 309 0 796 179 650 479 804 925 950 936 2270 2205 582 865 589 852 357 1043 156 2390 960 520 1002 923 987 283 890 904 834 840 677 761 479 608 606 398 782 660 1013 784 1923 748 823 1785 870 1630 1054 1991 2198 2057 637 1077 1001 1812 834 486 930 1649 1159 625 1472 326 738 1315 433 1003 1151 849 564 716 305 372 1529 1873 1403 567 996 1712 1149 561 627 1542 1006 519 623 1057 1113 1042 729 1018 1112 777 1208 606 1430 707 1554 1187 1050 1203 1054 809 687 1121 1187 1073 756 1027 1125 864 1376 1255 798 1199 1333 1451 911 869 1181 1239 926 987 1239 1295 1009 1314 1096 1375 1186 1450 1216 
913 1198 918 914 1103 947 1915 1091 1326 1295 1421 1201 942 1007 1000 1408 1734 1505 1610 1181 1746 1683 1281 1767 818 953 647 1518 488 644 157 1304 1130 315 487 796 0 975 146 318 1159 1601 909 912 1539 1412 305 1554 306 1492 1151 1751 930 1610 1653 1310 1786 1718 1752 1059 1684 1695 1627 1615 1460 1554 1262 1399 1382 1166 1016 261 874 1576 1226 1353 895 1114 857 994 864 1206 1430 1312 1378 1788 1699 1033 1619 1203 1716 874 424 1165 707 706 280 566 567 338 433 298 437 332 855 1033 1073 1130 1034 991 325 986 859 846 726 841 916 478 391 1758 1822 908 389 1790 902 404 534 535 1070 472 1111 1890 479 918 981 496 637 987 990 1049 687 1107 1054 704 857 820 791 1067 930 974 821 898 1165 1174 960 981 1274 1286 1096 1367 1146 1409 1259 1504 1362 
1342 893 1451 1208 934 1571 1025 1838 2300 2116 2271 1994 1096 1705 1011 810 895 2476 801 2156 888 2593 797 914 1793 1928 1622 545 1463 332 1132 329 155 1290 488 179 975 0 829 657 809 800 1041 1025 2437 2383 752 737 759 745 182 901 94 2565 825 348 831 745 826 137 713 730 656 675 508 584 310 431 438 246 826 830 1117 608 2087 664 902 1947 963 1788 1165 2167 2371 2228 490 932 863 1988 662 367 756 1824 1333 583 1647 434 906 1488 572 1173 1323 1016 719 879 347 316 1663 2043 1527 583 1167 1880 1270 626 728 1708 1101 670 782 916 968 1143 887 851 1222 934 1375 745 1551 855 1685 1043 1211 1320 1143 956 810 1217 1291 1150 873 1085 1209 985 1523 1393 898 1291 1464 1589 1016 954 1250 1315 1005 1068 1294 1356 1069 1361 1158 1423 1237 1491 1247 
926 1104 954 899 1022 1006 1776 1182 1472 1406 1539 1305 901 1085 939 1289 1598 1650 1476 1328 1608 1815 1170 1631 964 1099 793 1372 634 498 303 1157 984 461 341 650 146 829 0 171 1057 1467 862 862 1668 1557 206 1418 211 1361 1005 1614 784 1752 1517 1164 1641 1572 1609 913 1538 1549 1481 1471 1315 1408 1117 1253 1237 1021 926 199 845 1430 1345 1225 825 1225 801 1094 846 1349 1569 1444 1236 1651 1563 1174 1473 1062 1571 1013 545 1040 842 574 260 695 447 426 548 329 342 296 719 894 1127 1260 1066 873 414 1111 864 738 636 958 879 373 315 1622 1685 879 352 1646 890 383 635 451 1100 419 1163 1754 540 924 944 472 565 962 979 1005 625 1045 1019 665 921 859 727 1045 965 1030 776 835 1124 1142 900 930 1226 1247 1033 1319 1091 1365 1204 1459 1298 
970 1010 1023 912 947 1096 1615 1303 1643 1543 1684 1436 884 1193 894 1159 1442 1821 1322 1499 1450 1973 1052 1473 1136 1271 964 1200 805 327 474 986 812 633 170 479 318 657 171 0 954 1315 838 833 1823 1728 195 1263 205 1214 833 1457 614 1919 1362 993 1471 1401 1443 744 1367 1379 1310 1303 1145 1237 947 1082 1068 853 842 248 845 1259 1491 1081 772 1365 767 1224 858 1517 1733 1603 1072 1493 1407 1341 1304 900 1401 1179 700 903 1006 434 333 853 337 562 698 432 295 342 567 737 1212 1418 1128 750 552 1264 902 633 564 1104 867 301 304 1466 1528 878 385 1478 909 429 773 404 1160 421 1244 1597 650 962 930 503 525 964 996 981 595 999 1007 662 1019 935 688 1048 1034 1118 760 792 1101 1131 859 899 1194 1225 984 1284 1053 1336 1163 1427 1242 
869 166 1014 692 224 1168 1023 1481 2295 1792 1967 1657 528 1329 383 339 802 2424 675 2165 835 2351 168 844 1842 1962 1690 1089 1551 829 1279 908 845 1405 876 804 1159 809 1057 954 0 655 487 466 2185 2326 859 650 857 527 879 827 741 2429 728 1003 1390 1215 1457 744 1208 1265 1087 1303 1143 1109 814 947 823 728 193 919 609 1138 1819 416 377 1664 465 1489 680 2099 2218 2036 729 880 791 1926 1177 650 1245 1774 1337 349 1609 647 982 1459 706 1169 1303 1034 800 921 607 603 1213 1878 1040 353 1196 1711 832 427 522 1536 590 807 891 866 932 658 975 1319 773 1012 1374 881 1081 958 1247 1030 1224 913 686 1047 953 798 897 727 1008 669 810 1098 1386 1250 1040 917 1230 1358 1140 1078 889 975 1151 1206 973 1049 1223 1072 1301 1151 1380 1244 1268 
1515 718 1661 1339 854 1814 380 2126 2859 2436 2609 2301 1178 1975 1032 356 169 3007 65 2722 187 2985 502 195 2376 2505 2212 683 2059 1044 1747 633 711 1895 1170 925 1601 800 1467 1315 655 0 1137 1116 2820 2909 1307 68 1309 132 727 174 786 3037 85 737 912 714 1025 686 727 797 600 902 797 684 572 600 472 582 820 1382 1254 708 2452 288 1004 2297 1096 2123 1321 2681 2828 2653 392 256 195 2502 737 511 764 2342 1867 501 2167 943 1451 2008 1085 1692 1841 1536 1236 1398 806 648 1860 2484 1686 696 1704 2314 1464 859 1020 2135 1215 1206 1323 294 343 1277 1421 835 1385 1463 1895 1267 1710 1378 1879 488 1722 1515 1253 1476 1310 1356 1456 1242 1358 1131 1323 1467 1921 1770 1355 1431 1773 1916 1472 1369 1336 1427 1419 1482 1355 1440 1443 1409 1527 1482 1577 1537 1451 
405 486 538 241 335 687 1504 997 1862 1308 1482 1173 115 846 163 820 1284 1975 1155 1740 1316 1868 651 1327 1444 1552 1309 1464 1190 892 984 1253 1137 1073 851 950 909 1041 862 838 487 1137 0 950 1702 1876 667 1125 660 1007 1172 1309 962 1959 1207 1327 1774 1621 1815 1025 1606 1652 1495 1657 1485 1490 1164 1315 1214 1058 327 690 950 1518 1337 878 179 1182 127 1008 219 1652 1749 1562 1134 1357 1264 1487 1559 1004 1640 1346 965 733 1194 714 732 1059 656 822 926 732 643 674 779 883 737 1414 575 597 863 1252 381 507 431 1083 222 692 710 1333 1400 283 756 1712 382 781 1012 761 644 775 793 1483 903 521 430 836 848 517 589 550 897 597 603 950 1022 917 962 679 879 978 1027 1020 755 810 1102 1138 894 942 1206 1017 1268 1087 1364 1201 1292 
425 469 559 259 319 707 1484 1018 1878 1328 1502 1193 126 866 950 800 1264 1991 1135 1755 1296 1888 631 1306 1457 1566 1320 1445 1200 880 989 1234 1119 1081 842 936 912 1025 862 833 466 1116 950 0 1722 1893 665 1104 658 986 1154 1288 946 1978 1186 1308 1755 1601 1796 1007 1586 1632 1475 1638 1466 1470 1144 1296 1194 1039 307 690 155 1499 1357 857 161 1201 118 1027 235 1668 1767 1581 1114 1336 1243 1502 1539 984 1620 1360 975 713 1207 700 733 1071 647 830 936 736 639 675 763 864 757 1431 593 578 870 1268 396 491 419 1099 226 686 707 1312 1379 289 755 1692 391 781 1021 755 660 773 811 1463 909 532 430 835 842 520 594 547 892 589 602 947 1031 924 955 680 888 989 1022 1013 752 808 1094 1132 889 939 1198 1012 1261 1082 1357 1196 1283 
1356 2168 1202 1525 2017 1042 3181 732 721 433 649 560 1680 878 1828 2514 2967 620 2836 748 2995 649 2349 3009 920 844 1028 2972 1140 2127 1406 2747 2584 1274 1980 2270 1539 2437 1668 1823 2185 2820 1702 1722 0 575 1689 2798 1681 2690 2611 2991 2373 403 2887 2779 3265 3162 3254 2487 3134 3159 3051 3106 2939 3004 2680 2833 2775 2571 2012 1619 1587 3029 380 2550 1827 532 1735 706 1526 561 319 288 2725 3033 2937 648 3069 2557 3163 762 1173 2367 897 2070 1571 1026 1912 1309 1171 1458 1756 1592 2215 2389 1051 475 1226 2182 1336 616 1400 2026 1861 775 1655 1823 1712 3000 3068 1606 1640 3230 1518 1612 1205 1826 1259 1714 1097 3134 1374 1428 1710 1660 1871 1649 1576 1802 1875 1941 1755 1813 1246 1378 1956 1694 1357 1226 1908 2019 1882 1835 2066 2047 2007 1971 2182 2094 2182 2104 2271 2196 2331 
1580 2326 1441 1730 2184 1300 3255 1049 199 845 754 926 1868 1162 2006 2641 3053 136 2922 278 3074 580 2483 3092 613 483 777 2927 931 2053 1258 2709 2537 1101 1897 2205 1412 2383 1557 1728 2326 2909 1876 1893 575 0 1646 2874 1641 2785 2558 3073 2330 282 2970 2719 3196 3125 3160 2456 3092 3104 3028 3025 2870 2961 2658 2801 2770 2555 2149 1571 1768 2983 707 2639 1967 818 1882 953 1710 259 310 463 2744 3112 3017 439 3022 2567 3119 597 1081 2443 772 2054 1517 932 1893 1254 1101 1415 1730 1558 2208 2392 1353 536 1500 2251 1260 681 1591 2087 1922 840 1831 1787 1666 3077 3144 1783 1587 3184 1699 1557 1117 1783 1523 1665 1385 3205 1310 1611 1874 1601 1823 1813 1742 1956 1825 2083 1909 1756 1275 1418 1908 1848 1459 1335 1852 1979 2025 1976 2015 1993 2139 2102 2133 2218 2129 2225 2219 2311 2338 
786 909 837 732 823 914 1634 1134 1579 1388 1536 1275 714 1017 742 1108 1445 1744 1319 1436 1459 1844 980 1479 1080 1212 912 1293 756 441 443 1071 902 589 305 582 305 752 206 195 859 1307 667 665 1689 1646 0 1262 950 1194 927 1461 691 1817 1361 1093 1579 1488 1565 814 1458 1477 1386 1418 1252 1327 1014 1161 1125 911 721 99 660 1351 1343 1053 620 1210 600 1060 669 1426 1621 1477 1106 1499 1408 1247 1394 931 1490 1084 599 864 908 434 216 750 295 441 586 299 950 201 582 761 1021 1294 933 690 447 1133 709 549 441 965 689 244 216 1469 1534 697 295 1565 724 340 674 358 970 352 1057 1606 548 779 765 433 491 798 829 832 561 867 856 619 891 804 662 895 885 970 728 766 968 997 841 878 1078 1107 974 1178 1039 1231 1152 1331 1207 
1504 721 1649 1329 852 1800 402 2110 2822 2418 2590 2284 1169 1959 1025 370 205 2973 98 2684 211 2963 504 224 2336 2465 2170 625 2017 987 1702 567 645 1851 1116 865 1554 737 1418 1263 650 68 1125 1104 2798 2874 1262 0 1265 132 660 200 724 3008 104 670 863 666 971 621 676 745 548 844 734 626 504 535 405 516 807 1338 1240 650 2429 265 987 2275 1079 2101 1306 2646 2799 2626 325 269 200 2466 681 447 713 2306 1827 467 2130 892 1407 1970 1037 1652 1802 1494 1191 1355 752 589 1847 2455 1675 661 1663 2285 1447 823 986 2105 1200 1159 1277 296 350 1261 1375 787 1368 1418 1855 1219 1697 1332 1865 489 1680 1496 1236 1430 1261 1338 1436 1224 1311 1114 1305 1421 1887 1736 1307 1412 1745 1888 1425 1322 1317 1407 1372 1435 1336 1420 1396 1390 1481 1462 1532 1518 1414 
778 908 829 725 820 906 1637 1126 1575 1380 1528 1267 708 1009 737 1108 1448 1739 1321 1432 1462 1837 979 1482 1076 1208 909 1300 754 450 442 1078 909 587 314 589 306 759 211 205 857 1309 660 658 1681 1641 950 1265 0 1196 934 1463 698 1810 1363 1100 1586 1494 1573 820 1464 1484 1392 1425 1259 1333 1020 1167 1130 916 717 950 652 1357 1335 1054 614 1201 593 1051 660 1420 1614 1469 1110 1501 1410 1241 1400 934 1496 1078 593 864 901 437 208 743 295 433 579 291 186 192 585 764 1011 1287 923 689 440 1125 699 546 435 956 680 242 211 1471 1536 688 288 1570 713 333 667 355 959 346 1046 1607 540 769 756 427 488 788 818 823 557 860 846 614 881 794 659 886 875 959 724 762 960 988 838 874 1070 1099 970 1170 1035 1224 1149 1323 1202 
1389 601 1534 1212 731 1686 511 1997 2738 2306 2480 2172 1051 1846 905 252 296 2884 170 2602 319 2856 379 327 2258 2386 2095 724 1944 959 1636 632 678 1781 1076 852 1492 745 1361 1214 527 132 1007 986 2690 2785 1194 132 1196 0 698 302 718 2910 202 737 979 784 1080 631 790 858 661 946 822 728 554 615 478 539 688 1267 1123 753 2322 163 872 2167 965 1992 1189 2555 2700 2524 379 363 282 2377 785 452 825 2218 1745 380 2044 838 1334 1885 973 1570 1718 1416 1120 1280 708 564 1728 2355 1554 573 1584 2186 1332 735 894 2006 1083 1094 1209 373 433 1145 1305 896 1253 1347 1773 1155 1578 1264 1747 561 1601 1383 1123 1361 1201 1227 1327 1116 1251 1009 1198 1358 1795 1645 1252 1306 1646 1788 1367 1268 1217 1308 1322 1385 1244 1328 1354 1305 1437 1379 1493 1440 1368 
1495 970 1610 1352 1032 1734 907 2007 2477 2287 2444 2165 1229 1871 1131 817 804 2654 728 2332 787 2769 837 813 1968 2103 1797 373 1638 509 1308 168 62 1466 664 357 1151 182 1005 833 879 727 1172 1154 2611 2558 927 660 934 698 0 798 240 2740 736 170 654 567 659 151 534 551 482 504 333 404 169 257 297 175 923 1002 1254 427 2257 644 1023 2116 1092 1955 1303 2341 2545 2400 383 818 761 2160 480 316 575 1996 1503 610 1818 574 1072 1659 725 1341 1492 1183 878 1043 456 352 1813 2214 1670 659 1333 2050 1412 735 859 1877 1226 825 940 803 848 1270 1042 671 1352 1086 1536 884 1688 1000 1829 916 1366 1453 1254 1098 931 1330 1408 1247 986 1165 1309 1100 1664 1528 995 1394 1595 1727 1113 1035 1331 1401 1077 1142 1359 1424 1121 1414 1209 1475 1276 1533 1272 
1689 889 1835 1512 1026 1987 237 2299 3022 2608 2781 2474 1351 2147 1205 523 117 3172 179 2884 86 3156 672 73 2535 2665 2370 672 2216 1172 1900 679 790 2049 1306 1043 1751 901 1614 1457 827 174 1309 1288 2991 3073 1461 200 1463 302 798 0 897 3205 107 770 847 650 974 784 672 744 555 871 796 660 635 620 513 672 990 1536 1424 678 2622 448 1174 2467 1266 2293 1490 2844 2995 2821 454 123 142 2664 697 609 702 2504 2024 653 2328 1082 1603 2167 1231 1849 1999 1691 1386 1551 938 767 2028 2650 1853 850 1859 2480 1631 1014 1179 2300 1380 1352 1470 210 229 1441 1567 761 1548 1609 2049 1406 1873 1521 2043 383 1872 1675 1408 1617 1441 1508 1607 1388 1486 1270 1468 1595 2071 1917 1475 1575 1923 2068 1591 1482 1468 1559 1525 1588 1473 1558 1537 1518 1619 1587 1660 1633 1531 
